#R_Probe in Ohm, R_Zylinder in Ohm, Spannung in V, Strom in mA
22.5 22.5 16.77 160.3
25.1 24.5 16.90 161.3
27.2 27.1 16.97 161.9
29.1 29.3 17.02 162.2
31.0 30.7 17.06 162.5
32.8 32.2 17.09 162.7
34.5 34.5 17.12 162.9
36.3 37.3 17.14 163.0
38.1 39.0 17.16 163.1
39.9 39.5 17.17 163.2
41.5 41.3 17.20 163.4
43.1 43.6 17.21 163.5
44.7 45.2 17.24 163.5
46.3 45.9 17.24 163.6
47.9 47.9 17.25 163.6
49.5 50.1 17.26 163.6
51.0 51.5 17.27 163.7
52.5 51.9 17.27 163.8
54.0 52.7 17.28 163.8
55.4 54.8 17.29 163.8
56.9 57.8 17.30 163.9
58.4 58.9 17.30 163.9
59.9 59.6 17.31 164.0
61.4 61.2 17.31 164.0